gender  age     GPA     year    height  weight studyHrs sleepHrs job  textPay reside
2       19      2.5     2       70.5    147     12      7       2       200     2
2       20      2.3     3       71      158     11.8    7       2       170     1
2       17      -9      1       65      140     6       6.4     1       200     2
1       23      2.8     4       72      160     9       7       2       111     2
2       33      3.45    4       65      155     10      7       1       150     2
2       20      2.5     3       60      138     10      8       1       250     1
2       32      3.67    4       66      125     14      6       2       150     2
2       21      2.5     3       65      116     20      8       2       260     1
2       20      -9      3       68.6    138     13      6       1       90      1
2       17      3.5     1       64      110     15      7       2       130     2
2       20      3.1     3       67      120     7       7       1       180     3
2       21      -9      3       68      127     -9      8       2       200     1
2       19      -9      2       61      115     11      6.8     1       51.47   1
2       21      2.56    3       64      133     7       7.5     1       100     2
2       20      2.6     3       62      105     12      6       1       200     1
1       25      3       4       66      160     40      6       1       90      2
1       26      3.2     4       70      160     8       6       2       245     3
1       20      3.04    2       70      178     7       7       1       200     3
2       17      -9      1       64      -9      9       5.5     2       220     1
1       19      2.8     3       71      170     10      8       1       200     2
2       18      3.2     2       64      106     13      6       2       200     2
2       42      3.75    4       63      140     10      7       1       150     2
1       22      2.75    4       67      147     30      6       2       320     1
2       21      2.84    4       67      135     14      7       2       200     1
2       18      -9      1       67      130     10      8       2       145     1
2       20      2.8     3       66      150     14      6       2       -9      1
2       20      3.29    3       66      118     14      8       2       216     1
1       19      2.7     3       73      167     10      7       1       200     2
1       20      2.8     3       71      175     5       8       2       150     2
2       20      2.9     3       63      123     7       6       1       185     1
1       20      2.93    3       67      147     10      5       1       220     1
2       22      3.24    4       62      -9      7       8       2       120     1
2       18      -9      1       66.5    -9      15      7       2       198     3
2       18      -9      1       -9      108     12      4.9     2       160     2
1       21      3.2     4       68      145     26      7       2       400     2
2       20      2.96    3       65      118     25      6       2       150     2
1       22      3.1     4       76      220     16      4.5     1       250     1
2       21      3       3       65      112     13.5    7       1       210     1
2       20      2.5     3       61      105     10      8       2       175     1
1       20      3.25    3       75      160     9       9       1       200     2
1       22      3.55    5       65      140     10      8.5     1       240     1
1       34      3.91    5       73      175     30      7       1       120     2
1       20      2.76    2       71      175     7       8       2       200     1
1       18      3.47    3       67      153     15      9       2       90      2
2       20      3       3       -9      -9      14      4       2       260     2
2       23      2.8     4       64      128     5       6       1       49      2
1       22      3.34    4       75      225     6       7       2       95      2
2       19      3.4     3       60.75   110     5       7       2       300     3
1       21      2.6     2       71      183     5       5       1       225     1
1       19      2.65    3       68      130     3       9       1       200     3
1       19      3.2     2       67      156     15      7       2       180     2
2       20      2.4     3       63      128     35      5       2       250     1
2       17      -9      1       68      175     13      5.5     2       280     1
1       21      2.98    4       74      240     18      6       1       240     1
2       20      3.4     3       68      122     12.5    6       1       250     2
1       21      2.7     4       69      195     10      7       2       230     2
1       18      3.4     1       58      155     16      6       1       200     2
